-4.47731 -10.3827 10.2539
-3.89929 -8.97008 9.97859
-3.28237 -7.60874 9.46695
-2.63865 -6.3131 8.7399
-1.97713 -5.09134 7.82464
-1.30313 -3.94572 6.75301
-0.618307 -2.87341 5.55958
0.079009 -1.86752 4.27984
0.79318 -0.91863 2.94839
1.53075 -0.0164696 1.59746
2.30009 0.848481 0.255756
3.1108 1.68361 -1.05231
3.97297 2.49343 -2.30712
4.89636 3.27924 -3.49399
5.88967 4.0396 -4.60282
6.95958 4.77102 -5.62775
8.11027 5.46863 -6.56662
9.3432 6.12672 -7.42042
10.6573 6.73882 -8.19265
12.0491 7.29773 -8.88863
13.5134 7.7953 -9.51471
15.0434 8.2223 -10.0775
16.6307 8.56844 -10.5831
18.2658 8.82262 -11.0363
19.9377 8.97312 -11.4402
21.6338 9.00809 -11.7957
23.34 8.91582 -12.1019
25.0402 8.68523 -12.3554
26.7166 8.30668 -12.5514
28.3494 7.7729 -12.6839
29.9173 7.07975 -12.746
31.3976 6.22703 -12.7308
32.7671 5.21929 -12.6319
34.0026 4.06636 -12.4432
35.0815 2.78376 -12.1601
35.9832 1.39299 -11.7793
36.6898 -0.0783608 -11.2994
37.1876 -1.59695 -10.7207
37.4673 -3.12438 -10.0456
37.5258 -4.6183 -9.27896
37.3657 -6.034 -8.42777
36.9961 -7.32636 -7.5018
36.4322 -8.45219 -6.51367
35.6943 -9.3727 -5.47907
34.8069 -10.056 -4.41691
33.7967 -10.4793 -3.34932
32.6908 -10.6309 -2.30142
31.5149 -10.5114 -1.30092
30.2915 -10.1341 -0.377274
29.039 -9.52475 0.439404
27.7707 -8.72002 1.11975
26.4956 -7.76588 1.63699
25.2188 -6.7148 1.969
23.9434 -5.62286 2.10024
22.6713 -4.54678 2.0232
21.4044 -3.54093 1.73917
20.1452 -2.65468 1.25829
18.897 -1.93021 0.598921
17.6637 -1.40106 -0.213612
16.4498 -1.09131 -1.14871
15.26 -1.0154 -2.17235
14.0983 -1.1784 -3.24887
12.9682 -1.57684 -4.34244
11.8715 -2.19961 -5.41838
10.8085 -3.0292 -6.44409
9.77758 -4.04322 -7.38967
8.77565 -5.21558 -8.22824
7.79802 -6.51758 -8.93619
6.839 -7.91881 -9.49324
5.8926 -9.38789 -9.88257
4.95315 -10.893 -10.0909
4.01601 -12.4022 -10.1087
3.07822 -13.8841 -9.93012
2.13906 -15.3077 -9.55301
1.20048 -16.6433 -8.97948
0.267288 -17.8625 -8.21583
-0.652815 -18.9388 -7.27269
-1.54946 -19.8482 -6.16501
-2.40996 -20.5694 -4.91208
-3.22002 -21.0847 -3.53742
-3.96439 -21.3808 -2.06859
-4.62771 -21.449 -0.536879
-5.19543 -21.2864 1.02319
-5.6548 -20.8961 2.57449
-5.99569 -20.2873 4.07824
-6.21139 -19.4758 5.49514
-6.29916 -18.4827 6.78678
-6.26042 -17.3344 7.9172
-6.10062 -16.0615 8.85454
-5.82898 -14.6968 9.57249
-5.45791 -13.274 10.0515
-5.00208 -11.826 10.2799
A
0.287923 -0.0103282 0.957667
0.474601 0.0448127 0.879204
0.630864 0.0613426 0.773407
0.755796 0.0348343 0.65378
0.84929 -0.0362313 0.527553
0.905092 -0.14647 0.399731
0.917728 -0.283631 0.274851
0.891219 -0.421236 0.166248
0.842647 -0.532295 0.0884519
0.789477 -0.612968 0.039569
0.740098 -0.672414 0.010274
0.694674 -0.718636 -0.00766122
0.651648 -0.757753 -0.0192103
0.632192 -0.775677 0.005034
0.646263 -0.757741 0.095574
0.671711 -0.694997 0.254413
0.672596 -0.582928 0.453375
0.62875 -0.43038 0.648119
0.543991 -0.251827 0.801608
0.433408 -0.045939 0.900166
0.314279 0.180256 0.931792
0.201888 0.413005 0.886806
0.112451 0.627272 0.771095
0.0577263 0.798317 0.601083
0.0353334 0.923399 0.38138
0.0418664 0.991253 0.128228
0.0714277 0.987204 -0.134612
0.114176 0.916157 -0.382238
0.163428 0.801496 -0.577019
0.207139 0.655222 -0.726941
0.231503 0.481053 -0.846079
0.218332 0.277319 -0.935005
0.152187 0.0530445 -0.985939
0.0403375 -0.153531 -0.988071
-0.103511 -0.311418 -0.944881
-0.263631 -0.410185 -0.872585
-0.41406 -0.447277 -0.792583
-0.542947 -0.434735 -0.71862
-0.649733 -0.38584 -0.655419
-0.746065 -0.303459 -0.59311
-0.828529 -0.184629 -0.528509
-0.882113 -0.0304634 -0.468599
-0.891067 0.139527 -0.431998
-0.851573 0.300071 -0.431365
-0.773493 0.428271 -0.467533
-0.673502 0.506153 -0.535486
-0.563548 0.547778 -0.616508
-0.431908 0.58865 -0.689591
-0.232075 0.667195 -0.713968
0.063653 0.770001 -0.622914
0.379094 0.826092 -0.399756
0.586255 0.804597 -0.13362
0.654555 0.756014 0.0934425
0.626732 0.728628 0.272381
0.538179 0.73028 0.416383
0.410017 0.754911 0.512095
0.261281 0.794516 0.549077
0.107836 0.839055 0.533241
-0.045738 0.874197 0.483297
-0.196987 0.887749 0.416236
-0.348534 0.867484 0.35439
-0.491592 0.814132 0.308748
-0.611582 0.740582 0.279013
-0.70191 0.66164 0.264133
-0.764051 0.590244 0.25988
-0.803046 0.538946 0.253862
-0.825396 0.513855 0.23437
-0.838369 0.506624 0.202209
-0.8456 0.512813 0.145621
-0.848423 0.525358 0.0611317
-0.847439 0.53103 -0.0353395
-0.841729 0.519771 -0.145517
-0.83141 0.484907 -0.268608
-0.819965 0.426458 -0.38209
-0.811154 0.348761 -0.471094
-0.805903 0.252459 -0.535223
-0.803631 0.13698 -0.577719
-0.809537 0.0235739 -0.587186
-0.825881 -0.0722401 -0.559904
-0.846587 -0.159186 -0.507197
-0.870559 -0.228171 -0.435836
-0.897992 -0.267277 -0.350362
-0.921405 -0.295428 -0.251537
-0.932453 -0.333111 -0.134495
-0.930343 -0.368406 0.00128679
-0.906099 -0.394685 0.160777
-0.836494 -0.41724 0.352796
-0.708673 -0.42163 0.562449
-0.541307 -0.382662 0.750009
-0.353402 -0.299866 0.88721
-0.141319 -0.197859 0.969309
0.0781324 -0.0957736 0.992054
